100
4 1
9 3
0 0
10000000 10000000
0 1
10000000 9999999
0 2
10000000 9999998
0 3
10000000 9999997
0 4
10000000 9999996
0 5
10000000 9999995
1 0
9999999 10000000
1 1
9999999 9999999
1 2
9999999 9999998
1 3
9999999 9999997
1 4
9999999 9999996
1 5
9999999 9999995
2 0
9999998 10000000
2 1
9999998 9999999
2 2
9999998 9999998
2 3
9999998 9999997
2 4
9999998 9999996
2 5
9999998 9999995
3 0
9999997 10000000
3 1
9999997 9999999
3 2
9999997 9999998
3 3
9999997 9999997
3 4
9999997 9999996
3 5
9999997 9999995
4 0
9999996 10000000
4 1
9999996 9999999
4 2
9999996 9999998
4 3
9999996 9999997
4 4
9999996 9999996
4 5
9999996 9999995
5 0
9999995 10000000
5 1
9999995 9999999
5 2
9999995 9999998
5 3
9999995 9999997
5 4
9999995 9999996
5 5
9999995 9999995
162735 6319770
7742561 2711224
810339 7714567
3100528 4956588
8170069 7550734
7244506 4029542
9551952 4910951
9783385 1609908
6462491 579143
3429738 3831544
2654499 6903253
2971936 9461898
7157105 2376793
446718 7055532
1130931 4580442
873070 1672939
1743807 5372735
4439275 3182252
6881912 2830595
5741316 8006872
836995 2720269
6520465 2559454
6157281 4085811
4040 9633092
7682347 9363409
2062973 3804498
