100
1 15 51
1 18 21
1 0 0
2 100 0
3 0 100
1 100 100
1 85 98
1 93 30
1 97 58
3 27 100
1 37 68
1 15 51
3 75 48
3 37 10
2 78 22
2 15 14
1 50 15
1 25 28
2 47 48
3 29 68
1 38 9
1 51 2
2 95 76
1 18 21
3 96 23
1 46 75
2 7 42
1 70 78
3 45 19
2 74 97
1 83 33
2 56 28
2 59 15
2 86 9
2 29 96
2 13 78
2 39 51
1 96 25
2 80 34
1 61 94
2 58 100
2 2 26
3 29 53
2 11 76
3 31 7
1 53 97
1 93 53
1 33 80
1 94 69
1 39 69
1 26 91
2 22 75
2 40 70
1 33 78
1 27 28
1 31 82
2 33 4
3 51 22
2 85 97
2 96 51
1 27 47
2 46 32
3 71 14
1 1 65
1 61 87
2 26 13
2 98 39
3 49 72
2 33 65
3 36 94
3 31 9
1 33 93
1 61 59
1 88 89
2 29 26
1 39 55
2 55 11
1 55 30
3 33 74
3 88 74
2 1 40
1 99 83
3 15 38
1 80 70
1 4 75
1 78 26
3 74 78
1 94 37
1 3 55
2 89 91
2 79 56
3 87 94
1 86 19
1 53 84
3 71 8
2 3 63
2 67 94
2 70 13
1 55 100
1 35 99
