70
10922 21 0
11919 89 1
79343 6511 16
87455 4687 15
6699 8378 16
3299 1341 16
20443 3554 19
87469 2005 19
90943 6128 16
41890 3029 19
64305 5189 19
22061 2033 19
14957 8512 17
71008 7630 16
50382 4633 15
16315 1380 17
56954 7258 17
79569 11 19
91552 98 19
16807 28 17
99455 70 15
79775 29 17
47466 100 15
7958 89 16
49130 92 18
87658 20 19
86595 32 18
27327 64 18
97435 25 16
23554 2 17
45559 58 15
9806 20 17
16104 86 5
63438 17 0
97925 7 4
4420 92 4
28121 43 5
38409 12 3
27328 94 3
84 92 2
28333 68 1
74432 66 0
8399 89 3
9896 53 1
47731 25 5
32501 95 2
59980 65 3
99835 7292 2
38674 6574 2
48511 2959 3
99080 9795 4
63676 3789 3
49218 9443 5
11431 5031 2
90310 5281 2
24593 2072 1
60016 9495 5
63340 3115 4
29211 6301 2
23857 6547 3
35902 3341 1
68417 7685 3
3 100 1
94325 14 14
1 884 16
90629 1 6
90081 0 0
48772 10006 1
79445 5258 1
14575 910 0
